Cell: 0
Sampling period: 10 ms
Algorithm: 1
T = 28.187 deg
0 0 1246.03 0
1 50 1245.99 0
2 100 1245.84 0
3 150 1245.73 0
4 200 1245.8 0
5 250 1245.77 0
6 300 1245.73 0
7 350 1245.73 0
8 400 1245.73 0
9 450 1245.77 0
10 500 1245.77 0
11 550 1245.8 0.00596046
12 600 1245.8 0
13 650 1245.8 0
14 700 1245.77 0
15 750 1245.84 0
16 800 1245.77 0
17 850 1245.8 0
18 900 1245.8 0
19 950 1245.84 0
20 1000 1245.77 0
21 1050 1245.77 0
22 1100 1245.8 0
23 1150 1245.8 0
24 1200 1245.8 0
25 1250 1245.65 0.0238419
26 1300 1245.42 0.0536442
27 1350 1244.93 0.12815
28 1400 1243.74 0.289083
29 1445 1241.42 0.63777
30 1446 1241.38 0.655651
31 1447 1241.34 0.649691
32 1448 1241.26 0.676513
33 1449 1241.23 0.661612
34 1450 1241.07 0.706315
35 1451 1241.04 0.706315
36 1452 1240.88 0.709295
37 1453 1240.84 0.727177
38 1454 1240.77 0.751019
39 1455 1240.65 0.756979
40 1456 1240.58 0.756979
41 1457 1240.46 0.780821
42 1458 1240.46 0.780821
43 1459 1240.31 0.813603
44 1460 1240.23 0.822544
45 1461 1240.12 0.831485
46 1462 1240.04 0.861287
47 1463 1239.97 0.873208
48 1464 1239.81 0.873208
49 1465 1239.7 0.89705
50 1466 1239.55 0.89705
51 1467 1239.36 0.920892
52 1468 1239.2 0.917912
53 1469 1239.01 0.953674
54 1470 1238.94 0.971556
55 1471 1238.82 0.989437
56 1472 1238.67 1.0103
57 1473 1238.56 1.03116
58 1474 1238.44 1.03712
59 1475 1238.29 1.04904
60 1476 1238.14 1.07288
61 1477 1238.02 1.08182
62 1478 1237.91 1.09971
63 1479 1237.79 1.13547
64 1480 1237.64 1.15037
65 1481 1237.53 1.17421
66 1482 1237.34 1.18315
67 1483 1237.22 1.21295
68 1484 1237.07 1.2368
69 1485 1236.92 1.2517
70 1486 1236.76 1.27554
71 1487 1236.57 1.2964
72 1488 1236.34 1.32024
73 1489 1236.19 1.34408
74 1490 1236 1.35899
75 1491 1235.85 1.37091
76 1492 1235.66 1.40965
77 1493 1235.47 1.43647
78 1494 1235.28 1.43647
79 1495 1235.08 1.49608
80 1496 1234.82 1.508
81 1497 1234.63 1.5229
82 1498 1234.4 1.55866
83 1499 1234.17 1.59442
84 1500 1233.9 1.61827
85 1501 1233.67 1.64807
86 1502 1233.44 1.67191
87 1503 1233.18 1.70171
88 1504 1232.95 1.73151
89 1505 1232.68 1.7643
90 1506 1232.49 1.76132
91 1507 1232.22 1.81496
92 1508 1231.92 1.85668
93 1509 1231.69 1.87755
94 1510 1231.42 1.91033
95 1511 1231 1.92821
96 1512 1230.77 1.96099
97 1513 1230.51 2.01166
98 1514 1230.13 2.03848
99 1515 1229.82 2.08914
100 1516 1229.52 2.09808
101 1517 1229.17 2.14577
102 1518 1228.87 2.19643
103 1519 1228.49 2.21729
104 1520 1228.1 2.2471
105 1521 1227.76 2.30968
106 1522 1227.38 2.3365
107 1523 1209.56 2.36034
108 1524 1146.66 2.40803
109 1525 747.757 2.42889
110 1526 39.5203 1.75834
111 1527 22.0108 1.20103
112 1528 13.9999 0.876188
113 1529 10.5667 0.715256
114 1530 8.54492 0.610948
115 1531 7.20978 0.530481
116 1532 6.37054 0.485778
117 1533 5.72205 0.447035
118 1534 5.18799 0.420213
119 1535 4.88281 0.396371
120 1536 4.61578 0.393391
121 1537 4.31061 0.38445
122 1538 4.15802 0.360608
123 1539 4.04358 0.345707
124 1540 3.89099 0.354648
125 1541 3.77655 0.345707
126 1542 3.70026 0.342727
127 1543 3.58582 0.342727
128 1544 3.50952 0.345707
129 1545 3.39508 0.321865
130 1546 3.31879 0.333786
131 1547 3.24249 0.339746
132 1548 3.20435 0.327826
133 1549 3.0899 0.321865
134 1550 3.05176 0.336766
135 1551 3.01361 0.327826
136 1552 2.93732 0.327826
137 1553 2.89917 0.321865
138 1554 2.82288 0.318885
139 1555 2.82288 0.318885
140 1556 2.78473 0.336766
141 1557 2.74658 0.330806
142 1558 2.67029 0.333786
143 1559 2.59399 0.333786
144 1560 2.59399 0.324845
145 1561 2.5177 0.318885
146 1562 2.47955 0.336766
147 1563 2.40326 0.327826
148 1564 2.36511 0.312924
149 1565 2.32697 0.336766
150 1566 2.28882 0.318885
151 1567 2.21252 0.324845
152 1568 2.17438 0.309944
153 1569 2.09808 0.315905
154 1570 2.05994 0.309944
155 1571 2.05994 0.301003
156 1572 2.02179 0.303984
157 1573 1.98364 0.321865
158 1574 1.98364 0.309944
159 1575 1.9455 0.315905
160 1576 1.8692 0.303984
161 1577 1.8692 0.303984
162 1578 1.83105 0.309944
163 1579 1.8692 0.312924
164 1580 1.79291 0.318885
165 1581 1.79291 0.312924
166 1582 1.71661 0.321865
167 1583 1.67847 0.309944
168 1584 1.64032 0.303984
169 1585 1.64032 0.301003
170 1586 1.56403 0.312924
171 1587 1.60217 0.298023
172 1588 1.56403 0.315905
173 1589 1.52588 0.327826
174 1590 1.48773 0.312924
175 1591 1.48773 0.318885
176 1592 1.44958 0.312924
177 1593 1.44958 0.321865
178 1594 1.41144 0.303984
179 1595 1.44958 0.312924
180 1596 1.41144 0.318885
181 1597 1.37329 0.336766
182 1598 1.33514 0.330806
183 1599 1.33514 0.330806
184 1600 1.297 0.309944
185 1601 1.25885 0.321865
186 1602 1.25885 0.324845
187 1603 1.297 0.330806
188 1604 1.297 0.327826
189 1605 1.25885 0.330806
190 1606 1.25885 0.339746
191 1607 1.2207 0.330806
192 1608 1.25885 0.342727
193 1609 1.18256 0.339746
194 1610 1.18256 0.351667
195 1611 1.18256 0.339746
196 1612 1.2207 0.348687
197 1613 1.18256 0.369549
198 1614 1.18256 0.351667
199 1615 1.25885 0.396371
200 1616 2.5177 0.843406
201 1617 5.6839 1.83284
202 1618 11.6348 3.10838
203 1619 17.2043 4.36902
204 1620 22.6593 5.45681
205 1621 27.4277 6.29723
206 1622 31.2424 7.03335
207 1623 33.8745 7.4625
208 1624 35.5148 7.77543
209 1625 36.2778 7.99298
210 1626 36.4685 8.12709
211 1627 36.2015 8.21352
212 1628 35.553 8.2612
213 1629 18.7302 5.39124
214 1630 10.2234 3.39746
215 1631 5.76019 2.262
216 1632 3.92914 1.60933
217 1633 2.86102 1.20401
218 1634 2.17438 0.923872
219 1635 1.79291 0.748038
220 1636 1.44958 0.64075
221 1637 1.25885 0.557303
222 1638 1.14441 0.521541
223 1639 1.02997 0.473857
224 1640 0.991821 0.467896
225 1641 0.915527 0.444055
226 1642 0.87738 0.438094
227 1643 0.839233 0.408292
228 1644 0.839233 0.393391
229 1645 0.801086 0.375509
230 1646 0.762939 0.393391
231 1647 0.686646 0.39041
232 1648 0.724792 0.38743
233 1649 0.686646 0.366569
234 1650 0.686646 0.378489
235 1651 0.686646 0.360608
236 1652 0.686646 0.369549
237 1653 0.648499 0.378489
238 1654 0.610352 0.366569
239 1655 0.610352 0.372529
240 1656 0.610352 0.369549
241 1657 0.572205 0.354648
242 1658 0.648499 0.360608
243 1659 0.572205 0.369549
244 1660 0.572205 0.363588
245 1661 0.534058 0.378489
246 1662 0.534058 0.354648
247 1663 0.534058 0.354648
248 1664 0.534058 0.372529
249 1665 0.534058 0.366569
250 1666 0.534058 0.357628
251 1667 0.534058 0.360608
252 1668 0.495911 0.366569
253 1669 0.495911 0.363588
254 1670 0.457764 0.360608
255 1671 0.495911 0.378489
256 1672 0.457764 0.363588
257 1673 0.495911 0.369549
258 1674 0.457764 0.38445
259 1675 0.457764 0.375509
260 1676 0.343323 0.38743
261 1677 0.495911 0.369549
262 1678 0.419617 0.375509
263 1679 0.457764 0.369549
264 1680 0.419617 0.363588
265 1681 0.38147 0.363588
266 1682 0.38147 0.360608
267 1683 0.38147 0.366569
268 1684 0.38147 0.354648
269 1685 0.38147 0.354648
270 1686 0.38147 0.366569
271 1687 0.419617 0.420213
272 1688 0.915527 0.816584
273 1689 1.98364 1.7643
274 1690 3.31879 3.03388
275 1691 4.65393 4.29153
276 1692 5.83649 5.57005
277 1693 6.82831 6.53267
278 1694 7.43866 7.09891
279 1695 7.78198 7.51615
280 1696 8.01086 7.80225
281 1697 8.08716 7.98702
282 1698 8.2016 8.11815
283 1699 8.12531 8.22544
284 1700 8.08716 8.27014
285 1701 8.01086 8.32379
286 1702 7.89642 8.32379
287 1703 7.74384 8.33571
288 1704 7.62939 8.32677
289 1705 7.51495 8.32081
290 1706 7.36237 8.31783
291 1707 7.28607 8.31485
292 1708 7.17163 8.31783
293 1709 7.05719 8.30591
294 1710 6.9046 8.27909
295 1711 6.79016 8.24034
296 1712 6.67572 8.14497
297 1713 6.44684 8.09729
298 1714 6.29425 8.01384
299 1715 6.10352 7.89464
300 1716 5.95093 7.78139
301 1717 5.79834 7.65324
302 1718 5.6076 7.52211
303 1719 5.56946 7.57277
304 1720 5.45502 7.55489
305 1721 5.37872 7.56085
306 1722 5.30243 7.55787
307 1723 5.18799 7.53105
308 1724 5.18799 7.58171
309 1725 5.11169 7.59363
310 1726 5.0354 7.58767
311 1727 5.07355 7.71284
312 1728 5.11169 7.79629
313 1729 5.11169 7.98702
314 1730 5.11169 8.09729
315 1731 5.18799 8.30293
316 1732 5.18799 8.38935
317 1733 5.18799 8.5324
318 1734 5.14984 8.65161
319 1735 5.18799 8.7738
320 1736 5.14984 8.89003
321 1737 5.22614 9.06885
322 1738 5.26428 9.16719
323 1739 5.26428 9.33707
324 1740 5.18799 9.33111
325 1741 5.14984 9.32217
326 1742 5.0354 9.32217
327 1743 4.95911 9.32217
328 1744 4.95911 9.31323
329 1745 4.88281 9.31621
330 1795 2.78473 9.30727
331 1845 1.8692 9.32813
332 1895 1.44958 9.30727
333 1945 1.25885 9.32515
334 1995 1.14441 9.33111
335 2045 1.06812 9.31919
336 2095 1.06812 9.38475
337 2145 1.06812 9.45628
338 2195 1.06812 9.50992
339 2245 1.02997 9.63807
340 2295 1.06812 9.799
341 2345 1.06812 9.88245
342 2395 1.06812 9.99272
343 2445 1.06812 10.0583
344 2495 1.06812 10.1566
345 2545 1.06812 10.2609
346 2595 1.06812 10.3354
347 2645 1.10626 10.407
348 2695 1.10626 10.4815
349 2745 1.14441 10.5321
350 2795 1.10626 10.5232
351 2845 1.10626 10.4994
352 2895 1.10626 10.5232
353 2945 1.06812 10.5232
354 2995 1.14441 10.5351
355 3045 1.10626 10.5172
356 3095 1.10626 10.5083
357 3145 1.10626 10.5113
358 3195 1.10626 10.5351
359 3245 1.14441 10.5262
360 3295 1.10626 10.5083
361 3345 1.10626 10.5292
362 3395 1.10626 10.55
363 3445 1.10626 10.5113
364 3495 1.06812 10.4755
365 3545 1.10626 10.41
366 3595 1.06812 10.3444
367 3645 1.06812 10.2609
368 3695 1.02997 10.2073
369 3745 1.02997 10.1
370 3795 1.06812 10.0762
371 3845 1.02997 9.90927
372 3895 1.02997 9.82285
373 3945 0.991821 9.68874
374 3995 0.991821 9.62317
375 4045 0.991821 9.52184
376 4095 0.991821 9.41753
T = 28.5 deg
